1,4
1,373
1,801
2,150
2,325
2,385
3,225
3,338
3,386
4,5
4,26
4,775
5,6
5,387
5,775
5,801
6,7
6,466
6,760
6,788
7,27
7,782
7,788
8,9
8,28
8,88
8,410
8,782
9,10
9,29
9,87
9,414
10,11
10,30
10,86
10,419
11,12
11,31
11,85
11,425
12,13
12,32
12,84
12,489
13,33
13,83
13,490
13,790
14,778
14,810
15,16
15,45
15,73
15,670
15,797
16,17
16,46
16,72
16,664
17,18
17,47
17,71
17,658
18,19
18,48
18,70
18,622
19,20
19,49
19,69
19,591
20,21
20,50
20,68
20,541
21,22
21,51
21,67
21,517
22,23
22,52
22,66
22,471
23,24
23,388
23,785
23,815
24,25
24,785
24,813
25,388
25,759
25,807
25,813
26,373
26,387
26,792
26,811
27,372
27,760
27,762
28,29
28,271
28,411
28,762
29,30
29,164
29,415
30,31
30,165
30,420
31,32
31,166
31,426
32,33
32,167
32,486
33,34
33,168
33,487
34,35
34,169
34,488
34,790
35,36
35,790
35,817
36,37
36,488
36,778
36,817
37,38
37,375
37,712
37,810
38,39
38,377
38,713
38,809
39,40
39,379
39,714
39,806
40,41
40,380
40,715
40,812
41,42
41,384
41,716
41,808
42,43
42,717
42,771
42,789
43,44
43,784
43,797
44,45
44,177
44,717
44,797
45,46
45,178
45,700
46,47
46,179
46,688
47,48
47,180
47,676
48,49
48,181
48,640
49,50
49,182
49,603
50,51
50,279
50,547
51,52
51,264
51,511
52,250
52,765
52,815
53,54
53,249
53,765
53,815
54,55
54,249
54,262
54,510
55,56
55,248
55,261
55,509
56,57
56,247
56,260
56,508
57,58
57,246
57,259
57,507
58,59
58,245
58,258
58,506
59,245
59,760
59,801
60,775
60,792
60,798
61,62
61,119
61,235
61,431
61,792
62,63
62,118
62,236
62,432
63,64
63,117
63,237
63,433
64,65
64,116
64,238
64,434
65,238
65,807
66,67
66,113
66,435
66,785
67,68
67,112
67,496
68,69
68,111
68,553
69,70
69,110
69,579
70,71
70,109
70,609
71,72
71,108
71,616
72,73
72,107
72,628
73,74
73,357
73,634
74,75
74,357
74,797
75,76
75,358
75,634
75,789
76,77
76,359
76,633
76,808
77,78
77,360
77,632
77,812
78,79
78,361
78,631
78,806
79,80
79,362
79,630
79,809
80,81
80,363
80,629
80,810
81,82
81,364
81,473
81,778
82,83
82,347
82,790
83,84
83,347
83,473
84,85
84,97
84,472
85,86
85,96
85,424
86,87
86,95
86,418
87,88
87,94
87,413
88,89
88,93
88,409
89,92
89,404
89,782
89,788
90,91
90,121
90,243
90,798
91,92
91,243
91,244
91,389
92,93
92,138
92,390
93,94
93,137
93,391
94,95
94,136
94,392
95,96
95,135
95,393
96,97
96,134
96,394
97,98
97,395
97,774
98,99
98,347
98,774
99,100
99,364
99,395
99,793
100,101
100,363
100,580
100,781
101,102
101,362
101,581
101,768
102,103
102,361
102,582
102,758
103,104
103,360
103,583
103,783
104,105
104,359
104,584
104,794
105,106
105,358
105,585
105,786
106,107
106,357
106,763
107,108
107,585
107,763
108,109
108,133
108,571
109,110
109,132
109,565
110,111
110,131
110,559
111,112
111,130
111,535
112,113
112,129
112,479
113,114
113,441
113,803
114,115
114,239
114,803
115,116
115,128
115,441
115,807
116,117
116,127
116,440
117,118
117,126
117,439
118,119
118,125
118,438
119,120
119,124
119,437
120,121
120,123
120,436
120,792
121,389
121,798
121,814
122,138
122,243
122,257
122,814
123,124
123,256
123,748
123,814
124,125
124,255
124,749
125,126
125,254
125,750
126,127
126,253
126,751
127,128
127,252
127,752
128,251
128,753
128,803
129,130
129,265
129,447
129,803
130,131
130,154
130,485
131,132
131,153
131,502
132,133
132,152
132,523
133,151
133,529
133,763
134,135
134,141
134,423
134,774
135,136
135,140
135,417
136,137
136,139
136,412
137,138
137,408
137,804
138,257
138,403
139,140
139,405
139,767
139,804
140,141
140,406
140,773
141,142
141,407
141,799
142,143
142,332
142,816
143,144
143,346
143,407
143,816
144,145
144,345
144,374
144,460
145,146
145,344
145,376
145,461
146,147
146,343
146,378
146,462
147,148
147,342
147,381
147,463
148,149
148,341
148,383
148,464
149,150
149,340
149,385
149,465
150,151
150,339
151,152
151,325
151,465
152,153
152,312
152,459
153,154
153,296
153,453
154,155
154,280
154,402
155,265
155,280
155,802
156,157
156,251
156,802
157,158
157,252
157,266
157,757
158,159
158,253
158,267
158,756
159,160
159,254
159,268
159,755
160,161
160,255
160,269
160,754
161,162
161,256
161,796
162,270
162,761
162,796
163,164
163,190
163,271
163,287
164,165
164,287
164,416
165,166
165,192
165,421
166,167
166,193
166,427
167,168
167,194
167,503
168,169
168,195
168,572
169,573
169,779
169,817
170,171
170,375
170,817
171,172
171,365
171,375
171,742
172,173
172,366
172,377
172,743
173,174
173,367
173,379
173,744
174,175
174,368
174,380
174,745
175,176
175,369
175,384
175,746
176,384
176,771
177,178
177,371
177,747
177,784
178,179
178,205
178,729
179,180
179,206
179,711
180,181
180,207
180,682
181,182
181,208
181,652
182,183
182,295
182,597
183,184
183,279
183,295
184,185
184,278
184,294
184,597
185,186
185,277
185,293
185,596
186,187
186,276
186,292
186,595
187,188
187,275
187,291
187,594
188,189
188,274
188,290
188,593
189,190
189,273
189,289
189,592
190,272
190,288
190,416
191,192
191,216
191,287
191,303
192,193
192,303
192,422
193,194
193,428
193,787
194,195
194,218
194,504
195,196
195,348
195,610
196,197
196,348
196,779
197,198
197,349
197,610
197,779
198,199
198,350
198,365
198,736
199,200
199,351
199,366
199,737
200,201
200,352
200,367
200,738
201,202
201,353
201,368
201,739
202,203
202,354
202,369
202,740
203,204
203,355
203,370
203,741
204,205
204,356
204,371
205,206
205,356
205,741
206,207
206,226
206,723
207,208
207,694
207,791
208,209
208,311
208,646
209,210
209,295
209,311
210,211
210,294
210,310
210,646
211,212
211,293
211,309
211,645
212,213
212,292
212,308
212,644
213,214
213,291
213,307
213,643
214,215
214,290
214,306
214,642
215,216
215,289
215,305
215,641
216,288
216,304
216,422
217,234
217,303
217,787
218,333
218,505
218,766
218,787
219,220
219,350
219,730
219,766
219,777
220,221
220,351
220,731
220,764
221,222
221,352
221,732
221,770
222,223
222,353
222,733
222,780
223,224
223,354
223,734
223,776
224,225
224,355
224,386
224,735
225,226
225,356
226,338
226,735
226,791
227,228
227,311
227,791
228,229
228,310
228,772
229,230
229,309
229,324
229,705
230,231
230,308
230,323
230,704
231,232
231,307
231,322
231,703
232,233
232,306
232,321
232,702
233,234
233,305
233,320
233,701
234,304
234,319
234,429
235,236
235,792
235,811
236,237
236,805
237,238
237,800
238,759
239,785
239,807
240,249
240,382
240,759
240,800
240,815
241,242
241,246
241,805
241,811
242,245
242,373
242,387
242,801
243,814
244,389
244,788
244,798
245,246
245,466
246,247
246,467
247,248
247,468
247,805
248,249
248,469
248,800
249,470
250,264
250,765
250,815
251,252
251,753
251,803
252,253
252,752
253,254
253,751
254,255
254,750
255,256
255,749
256,748
256,814
257,270
257,804
258,259
258,273
258,506
258,769
259,260
259,274
259,507
260,261
260,275
260,508
261,262
261,276
261,509
262,263
262,277
262,510
263,264
263,278
263,511
263,765
264,279
265,802
265,803
266,267
266,282
266,757
266,802
267,268
267,283
267,756
268,269
268,284
268,755
269,285
269,754
269,796
270,403
270,761
270,814
271,272
271,769
272,273
272,411
272,769
273,274
273,542
274,275
274,543
275,276
275,544
276,277
276,545
277,278
277,546
278,279
278,547
280,281
280,296
281,282
281,297
281,402
281,802
282,283
282,298
282,401
283,284
283,299
283,400
284,285
284,300
284,399
285,286
285,301
285,398
286,302
286,397
286,761
286,796
287,288
288,289
288,416
289,290
289,592
290,291
290,593
291,292
291,594
292,293
292,595
293,294
293,596
294,295
294,597
296,297
296,312
297,298
297,313
297,453
298,299
298,314
298,452
299,300
299,315
299,451
300,301
300,316
300,450
301,302
301,317
301,449
302,318
302,448
302,767
303,304
304,305
304,422
305,306
305,641
306,307
306,642
307,308
307,643
308,309
308,644
309,310
309,645
310,311
310,646
312,313
312,325
313,314
313,326
313,459
314,315
314,327
314,458
315,316
315,328
315,457
316,317
316,329
316,456
317,318
317,330
317,455
318,331
318,454
318,773
319,320
319,334
319,429
319,787
320,321
320,701
320,777
321,322
321,702
321,764
322,323
322,703
322,770
323,324
323,704
323,780
324,705
324,772
324,776
325,326
326,327
326,385
326,465
327,328
327,383
327,464
328,329
328,381
328,463
329,330
329,378
329,462
330,331
330,376
330,461
331,374
331,460
331,799
332,346
332,774
333,334
333,787
333,795
334,505
334,777
334,795
335,764
335,777
336,776
336,780
337,338
337,386
337,735
337,772
337,776
338,791
339,340
339,763
340,341
340,786
341,342
341,794
342,343
342,783
343,344
343,758
344,345
344,768
345,346
345,781
346,793
347,364
348,349
348,766
349,350
349,610
349,766
350,351
350,736
351,352
351,737
352,353
352,738
353,354
353,739
354,355
354,740
355,356
355,741
357,358
358,359
358,634
359,360
359,633
360,361
360,632
361,362
361,631
362,363
362,630
363,364
363,629
364,473
365,366
365,742
365,779
366,367
366,743
367,368
367,744
368,369
368,745
369,370
369,746
370,371
370,747
370,771
371,784
372,760
372,769
373,811
374,376
374,816
375,377
376,378
377,379
378,381
379,380
380,384
381,383
382,759
382,800
382,813
383,385
386,776
387,466
387,792
387,811
388,471
388,759
388,807
388,815
389,390
389,436
389,814
390,391
390,403
390,404
390,474
391,392
391,408
391,409
391,530
392,393
392,412
392,413
392,554
393,394
393,417
393,418
393,560
394,395
394,423
394,424
394,566
395,472
395,580
395,793
396,397
396,405
396,408
396,761
396,804
397,398
397,448
397,480
397,796
398,399
398,449
398,481
398,754
399,400
399,450
399,482
399,755
400,401
400,451
400,483
400,756
401,402
401,452
401,484
401,757
402,453
402,485
402,802
403,408
403,442
403,814
404,409
404,491
404,782
404,788
405,406
405,412
405,448
405,767
406,407
406,417
406,454
406,773
407,423
407,460
407,799
408,412
408,480
409,410
409,413
409,548
410,411
410,414
410,536
410,782
411,415
411,542
411,762
412,417
412,497
413,414
413,418
413,574
414,415
414,419
414,586
415,416
415,420
415,598
416,421
416,592
417,423
417,518
418,419
418,424
418,604
419,420
419,425
419,617
420,421
420,426
420,635
421,422
421,427
421,647
422,428
422,641
423,524
423,793
424,425
424,472
424,611
425,426
425,489
425,653
426,427
426,486
426,671
427,428
427,503
427,677
428,429
428,504
428,689
429,505
429,701
429,787
430,431
430,436
430,466
430,491
430,788
430,792
431,432
431,437
431,467
431,492
432,433
432,438
432,468
432,493
433,434
433,439
433,469
433,494
434,435
434,440
434,470
434,495
435,441
435,471
435,496
435,807
436,437
436,474
436,748
437,438
437,475
437,749
438,439
438,476
438,750
439,440
439,477
439,751
440,441
440,478
440,752
441,479
441,753
442,443
442,474
442,480
442,748
442,796
443,444
443,475
443,481
443,749
443,754
444,445
444,476
444,482
444,750
444,755
445,446
445,477
445,483
445,751
445,756
446,447
446,478
446,484
446,752
446,757
447,479
447,485
447,753
447,802
448,449
448,454
448,497
449,450
449,455
449,498
450,451
450,456
450,499
451,452
451,457
451,500
452,453
452,458
452,501
453,459
453,502
454,455
454,460
454,518
455,456
455,461
455,519
456,457
456,462
456,520
457,458
457,463
457,521
458,459
458,464
458,522
459,465
459,523
460,461
460,524
461,462
461,525
462,463
462,526
463,464
463,527
464,465
464,528
465,529
466,467
466,512
467,468
467,513
467,811
468,469
468,514
468,805
469,470
469,515
469,800
470,471
470,516
470,759
471,517
471,765
472,473
472,489
472,623
473,490
473,629
474,475
474,491
474,530
475,476
475,492
475,531
476,477
476,493
476,532
477,478
477,494
477,533
478,479
478,495
478,534
479,496
479,535
480,481
480,497
480,530
481,482
481,498
481,531
482,483
482,499
482,532
483,484
483,500
483,533
484,485
484,501
484,534
485,502
485,535
486,487
486,489
486,503
486,683
487,488
487,490
487,572
487,695
488,573
488,712
488,778
489,490
489,659
490,665
490,778
491,492
491,512
491,548
492,493
492,513
492,549
493,494
493,514
493,550
494,495
494,515
494,551
495,496
495,516
495,552
496,517
496,553
497,498
497,518
497,554
498,499
498,519
498,555
499,500
499,520
499,556
500,501
500,521
500,557
501,502
501,522
501,558
502,523
502,559
503,504
503,572
503,706
504,505
504,610
504,718
505,730
505,766
506,507
506,512
506,542
506,762
507,508
507,513
507,543
508,509
508,514
508,544
509,510
509,515
509,545
510,511
510,516
510,546
511,517
511,547
511,765
512,513
512,536
512,782
513,514
513,537
514,515
514,538
515,516
515,539
516,517
516,540
517,541
518,519
518,524
518,560
519,520
519,525
519,561
520,521
520,526
520,562
521,522
521,527
521,563
522,523
522,528
522,564
523,529
523,565
524,525
524,566
524,781
525,526
525,567
525,768
526,527
526,568
526,758
527,528
527,569
527,783
528,529
528,570
528,794
529,571
529,786
530,531
530,548
530,554
531,532
531,549
531,555
532,533
532,550
532,556
533,534
533,551
533,557
534,535
534,552
534,558
535,553
535,559
536,537
536,542
536,548
536,586
537,538
537,543
537,549
537,587
538,539
538,544
538,550
538,588
539,540
539,545
539,551
539,589
540,541
540,546
540,552
540,590
541,547
541,553
541,591
542,543
542,598
543,544
543,599
544,545
544,600
545,546
545,601
546,547
546,602
547,603
548,549
548,574
549,550
549,575
550,551
550,576
551,552
551,577
552,553
552,578
553,579
554,555
554,560
554,574
555,556
555,561
555,575
556,557
556,562
556,576
557,558
557,563
557,577
558,559
558,564
558,578
559,565
559,579
560,561
560,566
560,604
561,562
561,567
561,605
562,563
562,568
562,606
563,564
563,569
563,607
564,565
564,570
564,608
565,571
565,609
566,567
566,580
566,611
567,568
567,581
567,612
568,569
568,582
568,613
569,570
569,583
569,614
570,571
570,584
570,615
571,585
571,616
572,573
572,610
572,724
573,742
573,779
573,817
574,575
574,586
574,604
575,576
575,587
575,605
576,577
576,588
576,606
577,578
577,589
577,607
578,579
578,590
578,608
579,591
579,609
580,581
580,623
580,781
581,582
581,624
581,768
582,583
582,625
582,758
583,584
583,626
583,783
584,585
584,627
584,794
585,628
585,786
586,587
586,598
586,617
587,588
587,599
587,618
588,589
588,600
588,619
589,590
589,601
589,620
590,591
590,602
590,621
591,603
591,622
592,593
592,598
592,647
593,594
593,599
593,648
594,595
594,600
594,649
595,596
595,601
595,650
596,597
596,602
596,651
597,603
597,652
598,599
598,635
599,600
599,636
600,601
600,637
601,602
601,638
602,603
602,639
603,640
604,605
604,611
604,617
605,606
605,612
605,618
606,607
606,613
606,619
607,608
607,614
607,620
608,609
608,615
608,621
609,616
609,622
610,736
611,612
611,623
611,653
612,613
612,624
612,654
613,614
613,625
613,655
614,615
614,626
614,656
615,616
615,627
615,657
616,628
616,658
617,618
617,635
617,653
618,619
618,636
618,654
619,620
619,637
619,655
620,621
620,638
620,656
621,622
621,639
621,657
622,640
622,658
623,624
623,629
623,659
624,625
624,630
624,660
625,626
625,631
625,661
626,627
626,632
626,662
627,628
627,633
627,663
628,634
628,664
629,630
629,665
630,631
630,666
631,632
631,667
632,633
632,668
633,634
633,669
634,670
635,636
635,647
635,671
636,637
636,648
636,672
637,638
637,649
637,673
638,639
638,650
638,674
639,640
639,651
639,675
640,652
640,676
641,642
641,647
641,689
642,643
642,648
642,690
643,644
643,649
643,691
644,645
644,650
644,692
645,646
645,651
645,693
646,652
646,694
647,648
647,677
648,649
648,678
649,650
649,679
650,651
650,680
651,652
651,681
652,682
653,654
653,659
653,671
654,655
654,660
654,672
655,656
655,661
655,673
656,657
656,662
656,674
657,658
657,663
657,675
658,664
658,676
659,660
659,665
659,683
660,661
660,666
660,684
661,662
661,667
661,685
662,663
662,668
662,686
663,664
663,669
663,687
664,670
664,688
665,666
665,695
665,810
666,667
666,696
666,809
667,668
667,697
667,806
668,669
668,698
668,812
669,670
669,699
669,808
670,700
670,789
671,672
671,677
671,683
672,673
672,678
672,684
673,674
673,679
673,685
674,675
674,680
674,686
675,676
675,681
675,687
676,682
676,688
677,678
677,689
677,706
678,679
678,690
678,707
679,680
679,691
679,708
680,681
680,692
680,709
681,682
681,693
681,710
682,694
682,711
683,684
683,695
683,706
684,685
684,696
684,707
685,686
685,697
685,708
686,687
686,698
686,709
687,688
687,699
687,710
688,700
688,711
689,690
689,701
689,718
690,691
690,702
690,719
691,692
691,703
691,720
692,693
692,704
692,721
693,694
693,705
693,722
694,723
694,772
695,696
695,712
695,724
696,697
696,713
696,725
697,698
697,714
697,726
698,699
698,715
698,727
699,700
699,716
699,728
700,717
700,729
701,702
701,730
702,703
702,731
703,704
703,732
704,705
704,733
705,734
705,772
706,707
706,718
706,724
707,708
707,719
707,725
708,709
708,720
708,726
709,710
709,721
709,727
710,711
710,722
710,728
711,723
711,729
712,713
712,742
712,810
713,714
713,743
713,809
714,715
714,744
714,806
715,716
715,745
715,812
716,717
716,746
716,808
717,747
717,789
718,719
718,730
718,736
719,720
719,731
719,737
720,721
720,732
720,738
721,722
721,733
721,739
722,723
722,734
722,740
723,735
723,741
724,725
724,736
724,742
725,726
725,737
725,743
726,727
726,738
726,744
727,728
727,739
727,745
728,729
728,740
728,746
729,741
729,747
730,731
730,777
731,732
731,764
732,733
732,770
733,734
733,780
734,735
734,776
735,772
736,737
737,738
738,739
739,740
740,741
742,743
743,744
744,745
745,746
746,747
747,771
748,749
748,814
749,750
750,751
751,752
752,753
753,803
754,755
754,796
755,756
756,757
757,802
758,768
758,783
759,800
760,801
761,767
761,804
762,769
762,782
763,786
764,770
765,815
766,795
767,773
767,804
768,781
770,780
771,784
772,791
773,799
774,793
775,788
775,798
777,795
778,790
779,817
781,793
783,794
785,807
786,794
789,797
789,808
799,816
800,805
805,811
806,809
806,812
808,812
809,810
813,815
