-0.1,-0.05,-0.05
-0.1,0.05,0.05
0.1,-0.05,0.05
-0.1,-0.0419771057553541,-0.05
-0.0954736453598646,-0.039563616585389,-0.05
-0.0821443974419703,-0.0369076893427195,-0.05
-0.072862243190066,-0.0359715251153656,-0.05
-0.041735231332589,-0.029560578241182,-0.05
-0.0143944937858134,-0.0204361685216306,-0.05
0.00896422095325541,-0.00666246514316023,-0.05
0.0236221331272306,0.00830070001645491,-0.05
0.0335097007314876,0.0231240546799246,-0.05
0.038922351352163,0.0372562050398214,-0.05
0.040876355047616,0.05,-0.0387196724834198
0.0391164682674732,0.0374352506676349,0.05
0.0334820032749431,0.0230891536092295,0.05
0.0233512849641236,0.00829007244925985,0.05
0.00861226756502165,-0.00655107422992632,0.05
-0.0146654766145775,-0.0203155440777846,0.05
-0.0419242350341332,-0.0293954943803855,0.05
-0.065401087050355,-0.0343439307262797,0.05
-0.0828095647654171,-0.0358737398907462,0.05
-0.096358715398452,-0.0377470765410349,0.05
-0.1,-0.0389074059558048,0.05
-0.1,-0.0403953323490324,0.0470492617429569
-0.1,-0.0466676218813405,-0.0374377459498215
-0.0686520129494405,-0.046636827088217,-0.05
-0.0393309727527935,-0.0406149626098967,-0.05
-0.00929646079359835,-0.0326973997959074,-0.05
0.019700148520218,-0.0206228419374025,-0.05
0.0395092842306282,-0.00565337422325344,-0.05
0.052730209910292,0.00948018597602211,-0.05
0.0641865017380415,0.0260798318884343,-0.05
0.071473662507858,0.0422906983286836,-0.05
0.0725648648452654,0.05,-0.05
0.0726390062548485,0.05,-0.045848376709361
0.0732205287492167,0.05,-0.0313305641935572
0.0742612658005256,0.05,-0.0171267330863601
0.0748562189112138,0.05,-0.00344350899736809
0.0746703179098382,0.05,0.0101968355538669
0.073839025171917,0.05,0.0241840851107633
0.0729341370718673,0.05,0.0386665271239702
0.0726639831444616,0.05,0.05
0.0716290635704986,0.0425153950504535,0.05
0.0639821918946767,0.0260868321939106,0.05
0.0524259141799184,0.00954072355037024,0.05
0.0391680127995788,-0.00553066159712689,0.05
0.019501175084921,-0.0205399270598116,0.05
-0.00941374515840544,-0.0327726732042222,0.05
-0.0394334431733341,-0.0406743709835118,0.05
-0.0634257570087875,-0.0456803246478845,0.05
-0.0807725639457338,-0.0474365686251088,0.05
-0.0811129555356871,-0.05,0.035003448287879
-0.0767973730167092,-0.05,0.0262074480302378
-0.0736177649921652,-0.05,0.0109123748303612
-0.0729424726538889,-0.05,-0.00342805209294719
-0.0742924353533586,-0.05,-0.0178093299851598
-0.0781521991861583,-0.05,-0.0337069613154375
-0.0807917342829638,-0.05,-0.0389456916750903
-0.1,-0.0353243267376466,-0.0371604311956088
-0.1,-0.0376902200904225,-0.0186825863570101
-0.1,-0.038024715847337,-0.00384959328068649
-0.1,-0.0377599680993968,0.0113281592727862
-0.1,-0.0366065763657085,0.0267795809848596
-0.1,-0.0333850363276101,0.0398707851319024
-0.085371111762907,-0.0242326365038498,0.05
-0.0685567760373856,-0.0228539014976592,0.05
-0.0471075805347546,-0.0174138740196042,0.05
-0.0244978931889236,-0.00670218118275098,0.05
-0.00885853023377383,0.00741237557828477,0.05
-3.31872510721417e-05,0.0212617287146263,0.05
0.0044077203046208,0.0340180413507887,0.05
0.00605851073741349,0.0462001761845025,0.05
0.00630011200525856,0.05,0.05
0.00635510609450426,0.05,0.0385658355700901
0.0065155864840036,0.05,0.0245500062587924
0.00667555840940204,0.05,0.0105117711970084
0.00674262915096977,0.05,-0.00349091855247592
0.00666772907503957,0.05,-0.0175220677534856
0.00650425734724169,0.05,-0.0316005166551148
0.0063681127163779,0.05,-0.0455565472487642
0.00633650421383047,0.05,-0.05
0.00608150771783781,0.0459554772823437,-0.05
0.00444625910093543,0.0338768643420353,-0.05
0.000148752424424413,0.0212920305210332,-0.05
-0.00845142367932685,0.00742422442440294,-0.05
-0.0239951019874384,-0.00687158361739689,-0.05
-0.0467338948062852,-0.0177987429408073,-0.05
-0.0681823164943937,-0.023644744028585,-0.05
-0.1,-0.0170384819533344,-0.05
-0.0886314488786284,-0.013841440716742,-0.05
-0.0744668301052646,-0.0117218132912486,-0.05
-0.0563311601103547,-0.00496463553313865,-0.05
-0.0424589828429043,0.00673384238363572,-0.05
-0.0348966250614675,0.0191102868025457,-0.05
-0.0309756340773024,0.0306472278622503,-0.05
-0.0292402943015848,0.0418078543462778,-0.05
-0.0288482012014058,0.05,-0.05
-0.0287996016531206,0.05,-0.0455151100981433
-0.0285545805437263,0.05,-0.0315636413549974
-0.0282409479278593,0.05,-0.0174672352331681
-0.0280997256200016,0.05,-0.00348398213208987
-0.0282283551777798,0.05,0.0104245574150088
-0.0285551895843009,0.05,0.0244244907847218
-0.0289217026860128,0.05,0.0384643287960371
-0.0290634731637074,0.05,0.05
-0.0294491006132652,0.0420770158524122,0.05
-0.0312176857531038,0.0307612703104452,0.05
-0.035315068300394,0.0190810108705459,0.05
-0.043117791482536,0.00678521649768685,0.05
-0.0568835123693119,-0.00459784202545202,0.05
-0.0751266292859627,-0.0112012514824217,0.05
-0.0896251486078245,-0.0128164723286213,0.05
-0.1,-0.0154594256248052,0.05
-0.1,-0.0226700912928772,0.038815448220241
-0.1,-0.027195884207786,0.0238817735082162
-0.1,-0.0284749246350744,0.010386725189132
-0.1,-0.0287603211607832,-0.00349575629138889
-0.1,-0.02810453939094,-0.0167615179052299
-0.1,-0.0262331110135913,-0.0301132073181778
-0.1,-0.0195650838110362,-0.0455960412027775
-0.1,-0.0024544607489172,-0.05
-0.1,-0.0139050811384377,-0.0251075286659295
-0.1,-0.0160593609299026,-0.0140895884126377
-0.1,-0.0168506097582687,-0.00271415680706153
-0.1,-0.016676085974628,0.00876361188611996
-0.1,-0.0155120454628078,0.0200324993913392
-0.1,-0.0123771420051566,0.0322260475964442
-0.086381434432736,-0.000578904327190869,0.05
-0.0756054428385002,0.00678031377552729,0.05
-0.0687206393107966,0.0161463830796708,0.05
-0.0648240225537498,0.0263301976511024,0.05
-0.0625861414921152,0.0366832964512209,0.05
-0.0625234258981762,0.0365006693703313,-0.05
-0.0647185789035667,0.0261974245057038,-0.05
-0.0685572179866799,0.01598129789794,-0.05
-0.0753902383654504,0.00655819813060447,-0.05
-0.0853806970638722,-0.00035681142230402,-0.05
-0.0897538843019559,0.0220186089471276,-0.05
-0.0871371339752943,0.0305507874645626,-0.05
-0.0854005540960763,0.0394450339737523,-0.05
-0.0847850082972969,0.05,-0.05
-0.085110840606661,0.05,-0.0459002917388336
-0.0856583297468822,0.05,-0.0321257997606062
-0.0861057456807535,0.05,-0.0178042682568266
-0.0862299104120536,0.05,-0.00346136271643626
-0.0861590935980039,0.05,0.0109005543501338
-0.0858054426836759,0.05,0.0250206227076249
-0.0851967183613828,0.05,0.0380016561881715
-0.0850164228235318,0.05,0.05
-0.0855763380792763,0.0395964717983858,0.05
-0.0873096995285223,0.0305930930475798,0.05
-0.0898430267924988,0.0226204759347403,0.05
-0.0954791003626729,0.0138519029022195,0.05
-0.1,0.0109178356759606,0.05
-0.1,0.00569057416066796,0.0299906890723001
-0.1,0.00366778027318389,0.0169575221051859
-0.1,0.00324901749704639,0.00710422758621028
-0.1,0.00316738696598799,-0.00232232970393222
-0.1,0.00358273417381317,-0.0118131595853615
-0.1,0.00445924199171897,-0.0222080381813627
-0.1,0.00746243807541365,-0.0294448935809284
-0.0298035089007401,-0.05,-0.05
-0.00692973031602545,-0.0440114696890165,-0.05
0.0261115877028634,-0.0339441394390397,-0.05
0.0516166371163558,-0.0200281880274779,-0.05
0.0671469136181538,-0.00498334151048212,-0.05
0.0808319460466903,0.011732717532933,-0.05
0.0926291583111047,0.0307311959667913,-0.05
0.1,0.05,-0.042688004591742
0.1,0.046153890231392,-0.0344745417818037
0.1,0.0435809247779858,-0.0187443806944258
0.1,0.043230542421195,-0.00371032080708887
0.1,0.0437788955394361,0.0112017679622236
0.1,0.0459041443216111,0.0264712222368441
0.1,0.05,0.0371516605286787
0.0920789575529727,0.0305890093183164,0.05
0.0805054875228746,0.0118983708443918,0.05
0.066854596217633,-0.00488163020864051,0.05
0.0513970110451711,-0.019948071085457,0.05
0.0260851310370043,-0.0340770197718114,0.05
-0.00700380942041502,-0.0441782014918651,0.05
-0.0294566192688524,-0.05,0.05
-0.0298538785614769,-0.05,0.0391570089714421
-0.0301293007971638,-0.05,0.0246724911557377
-0.030091691302853,-0.05,0.0105883157601278
-0.0300555496226498,-0.05,-0.00332427869884444
-0.0301564809158126,-0.05,-0.0173629311948473
-0.0302086553715233,-0.05,-0.0317786826420879
-0.0299104512817059,-0.05,-0.046319377597511
0.0142319090633415,-0.05,-0.05
0.0291294433365218,-0.0458264179617708,-0.05
0.060984907824057,-0.0348410143163947,-0.05
0.0797057972048204,-0.0203615471892217,-0.05
0.0954696655232805,-0.00365996572360636,-0.05
0.1,0.00221225058570334,-0.05
0.1,0.00178723168798187,-0.0472868768741602
0.1,0.000935574098050827,-0.032608279674785
0.1,0.00148722172863154,-0.0179881012502935
0.1,0.00185116229913784,-0.00351541508798105
0.1,0.00170125422492475,0.0109455523975566
0.1,0.001190058057923,0.0253889428663398
0.1,0.00133043489639129,0.0401192951017148
0.1,0.00293661311873178,0.05
0.0952303856975121,-0.00364846100781166,0.05
0.0795610506134708,-0.0203187230691197,0.05
0.0610159464675706,-0.0350078679979254,0.05
0.0291567011136971,-0.04607464925166,0.05
0.0150037467119926,-0.05,0.05
0.0138338641502701,-0.05,0.038317917378512
0.0119898740718738,-0.05,0.0241743400617562
0.0107411534550292,-0.05,0.010332351670227
0.010418451151884,-0.05,-0.0033457964522821
0.0111338395475816,-0.05,-0.0171289132182674
0.012600661160552,-0.05,-0.0312028639477072
0.0139291500443797,-0.05,-0.0453896742395437
0.0573973097682678,-0.05,-0.05
0.0900512359581311,-0.0369140103632245,-0.05
0.1,-0.0304480622605729,-0.0336877004996044
0.1,-0.030193314040578,-0.0185129639981892
0.1,-0.0298481162247162,-0.00360416323153493
0.1,-0.030134035744987,0.0111996166664672
0.1,-0.0306984614950899,0.0261313034120266
0.1,-0.0304818444405631,0.040859962888012
0.1,-0.0290544612743858,0.05
0.0902113452654714,-0.0374952003317487,0.05
0.0592007899765013,-0.05,0.05
0.0572994896022611,-0.05,0.0378781991781303
0.0543872124497677,-0.05,0.0236779655730093
0.0523208280235827,-0.05,0.0100810909683176
0.0517771389391587,-0.05,-0.00325957430529754
0.0529624564793913,-0.05,-0.016751663518764
0.0551790687339656,-0.05,-0.0307523345857166
0.0569909535179464,-0.05,-0.0451250951453924
-0.1,-0.0438137119680681,-0.0196067524484018
-0.1,-0.0454176873387386,-0.00405168806799326
-0.1,-0.0451400262309635,0.0118711717309644
-0.1,-0.0424164531905249,0.0281062566573899
-0.1,-0.0231417697937307,0.05
-0.0963183316151892,-0.05,0.0292293204881077
-0.0970164154596266,-0.05,-0.0201566232088603
-0.0947163446768179,-0.05,-0.0374612660044202
-0.1,-0.00832275987069871,-0.05
-0.0849308903908811,-0.023259809391805,-0.05
-0.0812213215953023,-0.05,-0.0341763477558791
-0.0822881421686233,-0.05,-0.0183627040010797
-0.0827596979536609,-0.05,-0.00359189671015898
-0.0826085391551744,-0.05,0.0112507399711855
-0.0817224413550092,-0.05,0.0267280171449732
-0.0803126651964984,-0.05,0.05
-0.1,-0.00161109373043455,0.0286999759349261
-0.1,-0.00206364888794329,0.0169249045304712
-0.1,-0.00238943847223428,0.00714328691564865
-0.1,-0.00257227969828949,-0.00225594152762755
-0.1,-0.00268123547488764,-0.0116917801514711
-0.1,-0.00291297315178071,-0.0217599031605623
-0.1,0.0022582446700918,-0.05
-0.0627539711292116,-0.05,-0.0324412252354082
-0.0626466480654402,-0.05,-0.0174999040290225
-0.0625502906849155,-0.05,-0.00335674169525684
-0.0625499174704518,-0.05,0.01074498488009
-0.0626775132483446,-0.05,0.0251900951515242
-0.0628980720466482,-0.05,0.0409919290898315
-0.0626846636917562,-0.05,0.05
-0.1,0.00441597162801762,0.05
-0.1,0.011120268295439,0.01888944904645
-0.1,0.012476647237314,0.00798512053155607
-0.1,0.0126696262758577,-0.00278950925747031
-0.1,0.0116713280691932,-0.0132979245190086
-0.1,0.00376450401698067,-0.0421323818797243
-0.0376461831821261,-0.05,-0.05
-0.0377406348402782,-0.05,-0.0466652343728126
-0.0377405428002568,-0.05,-0.0318943371404391
-0.0374130894925956,-0.05,-0.0173846218362692
-0.0372444522584685,-0.05,-0.00332132886713363
-0.0373519505171399,-0.05,0.0106224035995991
-0.0376747916210512,-0.05,0.0247623925095277
-0.0380007792321417,-0.05,0.0394508580896249
-0.0377534469378982,-0.05,0.05
-0.1,0.0140874449058449,0.05
-0.1,0.0151073958116698,0.0372726986532594
-0.1,0.0196857171067202,0.021774754005167
-0.1,0.021814248596188,0.00929894142619561
-0.1,0.0222258755159723,-0.00324106521382148
-0.1,0.0207780053598588,-0.0155463937826444
-0.1,0.0171060793187402,-0.0287134808130131
-0.00579643260258465,-0.05,-0.05
-0.00594495134665757,-0.05,-0.0456748172526561
-0.00606607239698034,-0.05,-0.0314245797751522
-0.00592603086607698,-0.05,-0.0172319101785758
-0.00584827859274997,-0.05,-0.00333841222306511
-0.00592265186308615,-0.05,0.0104366611183434
-0.00610392870469593,-0.05,0.0243782337942223
-0.00621405074096909,-0.05,0.0386053198296329
-0.00589655742472807,-0.05,0.05
-0.1,0.0237118321991323,0.05
-0.1,0.023488626440129,0.0393377092031263
-0.1,0.0271998905282944,0.02395266097781
-0.1,0.0294854432097758,0.0101588780889256
-0.1,0.0299432151039415,-0.00354249181555123
-0.1,0.028681715874755,-0.0171379565359758
-0.1,0.0249782493917018,-0.0312808685052959
0.0300271379661574,-0.05,-0.05
0.0298556910145352,-0.05,-0.0452493330596141
0.0296963479855636,-0.05,-0.0310299621590489
0.029763867830144,-0.05,-0.0170033606100438
0.0298101163272995,-0.05,-0.00333362219544925
0.0297685955088161,-0.05,0.0102179263844436
0.0296704068225355,-0.05,0.0239870625197282
0.029648087663787,-0.05,0.0381503986863138
0.0300084690625108,-0.05,0.05
-0.1,0.0327419669872112,0.05
-0.1,0.0324474950864869,0.0398989416306425
-0.1,0.0349095132323782,0.0254964154130799
-0.1,0.0369668308371306,0.0108737722497939
-0.1,0.0373905264108053,-0.00371695144414373
-0.1,0.0365096454736379,-0.018379235350241
-0.1,0.0334787732502038,-0.0326670627840434
0.0657259468851567,-0.05,-0.0451158791726443
0.0657497224343988,-0.05,-0.0305999699387654
0.066215242660724,-0.05,-0.0165582740088311
0.0665712047938892,-0.05,-0.00322839844568233
0.0664637172689007,-0.05,0.00997831278304341
0.0660098239837844,-0.05,0.0235467489293009
-0.1,0.0418252957687672,0.05
-0.1,0.0416931850015553,0.0404466755553998
-0.1,0.0434302832268543,0.0266456987417466
-0.1,0.0449168157298037,0.0114359665599994
-0.1,0.0452217137477559,-0.00387630446494919
-0.1,0.0445639039935177,-0.0191750444693315
-0.1,0.0426740292346923,-0.0336388312963094
-0.0775817680333815,0.05,-0.05
0.0959839579709917,-0.05,-0.05
0.0963144541023897,-0.05,-0.0468888370393373
0.1,-0.05,-0.0257807967962402
0.1,-0.05,0.0173690815956961
0.097575635548232,-0.05,0.0403983673622259
0.0965669080166701,-0.05,0.05
-0.0733977110027621,0.05,0.05
-0.0733797089676487,0.05,0.0377453422389276
-0.0717834509656543,0.05,0.0240063439021172
-0.0698326930573917,0.05,0.0103261566507412
-0.0694238884797016,0.05,-0.00337732865178852
-0.0711439024087937,0.05,-0.0172257323732927
-0.074466160913197,0.05,-0.031371372656623
-0.0770606818337732,0.05,-0.045469855032355
-0.0107330188021596,0.05,-0.05
0.1,-0.00927298077775512,-0.05
0.1,-0.00898884096081165,-0.0473413345261252
0.1,-0.00860454898375497,-0.0327538594613026
0.1,-0.00942263694710042,-0.0180609956543077
0.1,-0.00987398185251867,-0.00352700951966465
0.1,-0.00970736566973936,0.0110047886142492
0.1,-0.00897520373523384,0.0254875087195291
0.1,-0.00857860357612401,0.0401665083590967
0.1,-0.00942505339469712,0.05
-0.00970882081528757,0.05,0.05
-0.00989771173708476,0.05,0.0385545985857653
-0.0101424714942146,0.05,0.0245370534871691
-0.0103374683141504,0.05,0.0104938289567795
-0.0104793310722961,0.05,-0.00349559096724112
-0.0105767034497605,0.05,-0.0175256367838759
-0.0106467316144742,0.05,-0.031613547573626
-0.0106985896139886,0.05,-0.0455492613336613
0.1,0.0270087643248126,-0.0335804430508531
0.1,0.0270281639379386,-0.0185298054471183
0.1,0.0267757377977665,-0.00361607712713002
0.1,0.0269363774248682,0.0111728817857035
0.1,0.0272211168228097,0.0261138682524728
0.1,0.0265295763892462,0.041021494531703
0.1,0.0255204889239047,0.05
-0.0675761090773519,-0.05,-0.05
-0.1,-0.05,-0.0384525971889184
-0.1,0.05,-0.0343276194324163
0.1,0.05,-0.0344257463653633
-0.1,0.05,-0.0195486857637749
0.1,0.05,-0.0186989980576209
-0.1,0.05,-0.00395915581846322
0.1,0.05,-0.00375520690611272
0.1,0.05,0.0110558206374965
-0.1,0.05,0.011713909031716
-0.1,-0.05,0.0296004055034055
-0.1,0.05,0.0272613973897227
0.1,0.05,0.0264453961912839
-0.1,0.05,0.0408156330392766
0.1,-0.05,0.040923578800603
-0.0970849528845322,-0.0450961199898582,-0.0365362010116496
-0.0965161288375716,-0.0393545483453589,0.0461305482049835
-0.0885677530290837,-0.0156280642206702,-0.0458776386473848
-0.073642921366659,-0.012579161077658,-0.0446132115880301
-0.0558518051046164,-0.00507378613239412,-0.0445843257397738
-0.0422024351589407,0.00679785884563237,-0.0450756953963142
-0.0347622455931383,0.0191602974132902,-0.0454362156649988
-0.0308986483602061,0.0306637930314325,-0.045541360810431
-0.029183895278251,0.0418109755279917,-0.0455314961017045
-0.0970097451748818,0.0132659968598617,-0.0457234110957129
-0.0945292254221166,0.0162919974602226,-0.027752113910575
-0.0933591066050059,0.0185835582184281,-0.0149781440284696
-0.092946884372411,0.0193994080396874,-0.00293451764284194
-0.0929987985812172,0.0191029161714771,0.00877878058426378
-0.0935429022415206,0.0176345081058894,0.020884025041806
-0.095554317830732,0.014335641726298,0.0360463842335721
-0.0844767911993452,-0.001198225323254,-0.0413894473886761
-0.0679901635745288,-0.0241263803353971,-0.0470181040808423
-0.0905790908137559,0.0219803064351167,-0.0450721335415091
-0.0879862327811362,0.030347041483683,-0.0451148005273252
-0.0858969125957414,0.0394321069374375,-0.0454992906280037
-0.0745337881241307,0.00682630434996681,-0.0428375447292017
-0.0465361050471343,-0.0178972948192094,-0.0458269028953873
-0.0416223149778299,-0.0296289864548897,-0.0464402517398653
-0.0392849592558484,-0.040622510525156,-0.0467185304307726
-0.0681781716286547,0.0162999902139136,-0.0443212015629883
-0.0238704126269923,-0.00686771797018997,-0.045650958525596
-0.014333603074505,-0.020421888303981,-0.0459120850156687
-0.00926580132687106,-0.0326667639593389,-0.0459388542573103
-0.0069629874386996,-0.0439744652015415,-0.0457859239491719
-0.0644762095583409,0.0264128554100003,-0.0450345964474499
-0.00837941376835521,0.00742516453386617,-0.0457113822449381
0.00900880159711356,-0.00664820537332884,-0.0458586173853765
0.0197225860495199,-0.0205886029014601,-0.0458662027703353
0.0261211069813221,-0.0338874049467963,-0.0457061849664932
0.0290155914150327,-0.0457704947816265,-0.0453732967523472
-0.0624258570374672,0.036554506042929,-0.0453393736260032
0.000194240571715414,0.0212760371567557,-0.0457030681621408
0.0236493474348998,0.00830023027712619,-0.0458654982578726
0.0395265174867259,-0.00563205521014252,-0.0459663660151669
0.0516346188545462,-0.019990050581409,-0.0459557123326305
0.0610102635783555,-0.0347794818111871,-0.0457323483987152
0.0651211258814079,-0.0476211196688195,-0.045205890066815
-0.0846177119497379,-0.031365274601884,-0.0314604094550022
-0.0853630498379109,-0.0329537467570223,-0.0171017513313124
-0.0856808851299731,-0.0334406864975568,-0.00342757350605958
-0.0855164769338655,-0.0331490493244723,0.0103296382340885
-0.0849023708031238,-0.0319053793869769,0.0241949923099676
-0.084798917755979,-0.0277131553550292,0.0403626788625214
-0.0881906940970903,-0.0218935044478151,-0.0286822897158711
-0.0884781785067054,-0.0238754518010843,-0.0157453405165559
-0.0885858251548844,-0.024456555720063,-0.00322408835535192
-0.0884278866672516,-0.0241450205090034,0.00927560967480659
-0.0880487089657312,-0.0229068600282003,0.0218881019946991
-0.0878842338622828,-0.0184630743593099,0.0362582311788789
-0.0806780688698242,-0.00232800361175511,-0.0255643215550127
-0.0788024407102608,-0.00271804064966041,-0.0137699627161578
-0.0781056624890081,-0.00285413690491845,-0.00297471088581905
-0.0782232325257267,-0.00276765653501605,0.00778270880835036
-0.079234629409224,-0.00252903144894688,0.0189576845591125
-0.081859850307599,-0.00180107334712795,0.0322418758956316
-0.0913481549984189,0.0236125234184979,-0.0296153844641076
-0.0908212332062864,0.0259142662260519,-0.0162552459077566
-0.0905943574700055,0.0266165287270451,-0.00328913453702441
-0.090634918055207,0.0262405650476607,0.00942814887656242
-0.0909488406509384,0.0246343111939244,0.0224739776463777
-0.090816358787067,0.022525332761819,0.0364681174788895
-0.0885615327686743,0.0313355626353029,-0.0310462164311688
-0.0885426167217937,0.0331091863037832,-0.0171327053770607
-0.088435867489202,0.0336486803890992,-0.00340671176746687
-0.0884371113548088,0.0333065120653705,0.0102585081673503
-0.0885051843036197,0.0319604379424314,0.0237962424910808
-0.0877656687874966,0.0305463467782546,0.0370831637174682
-0.0864249891732928,0.0400784813774975,-0.0319122361585301
-0.0867848616366575,0.0411052692064441,-0.0176553285134674
-0.0868286120826953,0.0415681706008182,-0.00346698109616902
-0.0867797599886022,0.0413146064019174,0.0107119532539222
-0.0865258140003818,0.0403705957808371,0.0246500418387331
-0.0858770490657862,0.0395554556505799,0.0377775031100693
-0.0826989089367347,-0.0402599170785808,-0.0332208184303949
-0.0835248785455553,-0.0417062036871471,-0.0179130689700169
-0.0839161938407485,-0.0421607277019275,-0.00352695377782793
-0.0837728130108792,-0.0418891760979951,0.0109049638072103
-0.0831556274130534,-0.040719503181467,0.0256801533038855
-0.0826494635280484,-0.0375096663281812,0.0429094530391321
0.00448559950534643,0.033860799807917,-0.0456303288688696
0.00611563271977536,0.0459483772345803,-0.0455691019982374
-0.0712650774886678,-0.0148494467650525,-0.02853195754597
-0.0701063155916383,-0.0159726974029028,-0.0153048360241384
-0.0696280358539325,-0.0163014194267498,-0.00316062420698052
-0.0697633482013594,-0.0160648523740642,0.00879709987639673
-0.0705108496109133,-0.0152039352406581,0.0213004263766968
-0.072728244315507,-0.0130102557965272,0.0363152827654847
-0.0717374672260578,0.00760445047818089,-0.0277640179380758
-0.0700131126157909,0.00823739708797409,-0.0149859205023899
-0.069305222273733,0.00842230741576003,-0.00315208583345324
-0.069477399824269,0.00826144784741756,0.00857370440044123
-0.0705718722352236,0.00782331847914909,0.0207173645589914
-0.0732373715630667,0.00720650509548138,0.0350123524111434
0.0527452064376843,0.00946945882524379,-0.0460555429571749
0.06421460328766,0.0260408493942162,-0.0460222002111907
0.071565233153656,0.0423042884289688,-0.0458342126678716
0.0335447245242995,0.0230988078109627,-0.0458152560968255
0.0389703767920714,0.037228788544448,-0.0456793828825996
-0.0670101024800859,-0.0258312101245294,-0.0306999008137457
-0.0663092222224304,-0.0268667105794196,-0.0164350797653745
-0.0659837568700505,-0.0272154154790411,-0.00327059336885219
-0.0660728686749332,-0.0269554131571641,0.0099188527924129
-0.066609723252047,-0.0260197037872149,0.0233029590329696
-0.0678534435962188,-0.0239168990269047,0.0391242339409835
-0.0666276500650344,0.0174985407654522,-0.0295989042633093
-0.0653317414600368,0.0183792758634387,-0.0160606365115781
-0.0648032634418243,0.0187041965665352,-0.00331402563014419
-0.0649956262407214,0.0185231900877285,0.00920846600894216
-0.0658292393031309,0.0178380061064101,0.0222698831517074
-0.0674794485489538,0.0166999666957377,0.036745000763378
0.0671632848856527,-0.00496774311500248,-0.046253159015979
0.0797776020773572,-0.0203012112265598,-0.0463539290041688
0.0904526718728426,-0.0367361112678203,-0.0465186692166027
-0.0631697270585105,-0.046603379107861,-0.0323605721781196
-0.0629553399515189,-0.0472692660386168,-0.0174448617124174
-0.0628230258542426,-0.0475261654033112,-0.00334809690293698
-0.0628437530320068,-0.0473707557367215,0.0106843132637008
-0.0630365606511748,-0.0468421954648036,0.0250890445827605
-0.0634266521021389,-0.0459538711400224,0.0409537664887451
-0.0646541416121139,-0.0360180315694331,-0.0318843528495054
-0.0642604355321695,-0.0368394686920743,-0.0171278751470232
-0.0640644231718998,-0.0371430193842504,-0.00330999336496163
-0.0641103247334728,-0.036937817371914,0.0104135668318429
-0.0644196761665796,-0.0362187947513435,0.02456420341881
-0.0651405860380372,-0.0348067966829223,0.0405238016837551
-0.0636337680197394,0.0270513192279417,-0.0306929226586017
-0.0628544975741309,0.0276792312486238,-0.0167313769611761
-0.0624616839677568,0.0279422193566964,-0.0033867779517085
-0.0625644505878635,0.0277670926338769,0.00984616920573851
-0.0631685730760647,0.0272279554462552,0.0233548932406979
-0.0642148093754293,0.0265657683319341,0.0376728396673385
-0.0619492733248012,0.0368479453933719,-0.0311745845362592
-0.0614821014848312,0.0372151690989115,-0.0170891438862891
-0.0612039358832483,0.0374420763673289,-0.00339046789167839
-0.0612587273412742,0.0373362267641274,0.0101551815251345
-0.0616407627091148,0.0369996720048608,0.0238604421558635
-0.0622156513992284,0.0367561873198751,0.0379181420245199
-0.0538535405862784,-0.00536899867495524,-0.029590042554426
-0.0522279665508123,-0.00561827157794799,-0.0160012220692731
-0.051571175250468,-0.00568562762556702,-0.00331339433624955
-0.0518880091121126,-0.00557613693989605,0.00916943475514734
-0.0531151464023591,-0.00529806985484011,0.0222852397605876
-0.0555128023606556,-0.00484300819762577,0.0372139014969883
-0.0411018053319427,-0.0298951457832544,-0.0316754119519136
-0.0404537520980374,-0.0302184730530786,-0.0172579160232035
-0.040165993675001,-0.0303325048618451,-0.00339635208755994
-0.0403447391390966,-0.030192843551063,0.0103841730820444
-0.0409685112169864,-0.0298055377208656,0.0244920379754556
-0.0416917091702319,-0.0294564602245687,0.0392953911870216
-0.0389627998466216,-0.0406969325458329,-0.0319509086407746
-0.0385389417336507,-0.0408379046649469,-0.0174220239336408
-0.0383289189615877,-0.0409072210737251,-0.00334961304750256
-0.038455847542965,-0.0408535484113196,0.0106048136385212
-0.0388498407848484,-0.0407247293463978,0.0248010335107132
-0.0392948344922061,-0.0406407290489304,0.0395172345758063
-0.0454662115575756,-0.018363430645089,-0.0309480846745259
-0.0443423113828412,-0.0188194715134326,-0.0168269413763516
-0.0439103019543596,-0.0189670861757213,-0.00333659905700152
-0.0441951111357772,-0.0187727896053933,0.00986345091463324
-0.0450959680310127,-0.0182772569014992,0.0236882891407044
-0.0465450827394769,-0.0176177214313844,0.0386472577828513
-0.0410145955562664,0.00704645981337008,-0.0307417773940015
-0.0397129047920131,0.0073357348796219,-0.0168044531113383
-0.0391520783530472,0.00749396191310612,-0.00342635913147631
-0.0395071296641333,0.00744928851858499,0.00980947577240454
-0.0406591501714329,0.00718428483396419,0.0235006979836886
-0.0423315510775888,0.00688258285727843,0.0380244460799423
-0.0341155141720584,0.0193514554000794,-0.0313687585653302
-0.0333211575233522,0.0196221212577926,-0.0172865440364712
-0.0329763958541757,0.0197347766294848,-0.0034864442493464
-0.033243258387856,0.0196437605915923,0.0102106631044753
-0.0339837687823717,0.0194081048049008,0.024187504690051
-0.0349185595414919,0.0191673084566715,0.0384276518913777
-0.0305321991180984,0.0307122024909549,-0.0315718663375557
-0.0300818430002035,0.0307721932507686,-0.0174544249706209
-0.0298691025201301,0.0308055033407961,-0.00349227277340671
-0.0300354627928613,0.0307914752384222,0.0104024831292053
-0.030503243964349,0.0307488396701392,0.0244256876123617
-0.0310157164368439,0.0307439916736449,0.0385159499179501
0.080870793026597,0.0117127332536254,-0.0464911025855389
0.0928704289275404,0.0306733951593069,-0.0470423629839661
-0.0231907502919434,-0.00686495496046986,-0.0315115471147696
-0.0223378825904506,-0.00686421514256101,-0.0173528362168147
-0.0219141822843747,-0.00684322824789264,-0.00348456167862356
-0.0221841639368383,-0.00679512170701328,0.0103215130995614
-0.0230520745130785,-0.00674057394549413,0.0243846643616278
-0.0240684420094593,-0.00670811357266429,0.0387355466950706
-0.0289140087403518,0.0418038804189223,-0.0315778707820254
-0.0285754003861641,0.0418129415168049,-0.017471433221663
-0.0284217165600884,0.0418352561138585,-0.00348457720699043
-0.0285575981913588,0.0418693338104091,0.0104280983375751
-0.0289045954427141,0.0419292022003205,0.0244358981452154
-0.0292995756361543,0.042017227005638,0.0384840997691565
-0.014010329371023,-0.0203492399691024,-0.0318143807142074
-0.013582629579647,-0.0202713660598957,-0.0175642997230335
-0.0133636750346665,-0.0202181130166238,-0.00348304392772349
-0.0135226671174342,-0.020189983103069,0.010552778090683
-0.0140021309697732,-0.0201927228078221,0.0247310453886337
-0.0144778980187542,-0.0202673937392449,0.0389854854785084
-0.00694076754976407,-0.0437480261112541,-0.0315820542228431
-0.00680160604479051,-0.0434688826120652,-0.0173661553814357
-0.00672962927257469,-0.0433247665017309,-0.00337418654629179
-0.00680216800185729,-0.043391055422871,0.0104998118840685
-0.00697544473291722,-0.0436383684450503,0.0245342573299055
-0.00708707227194073,-0.043996861619208,0.0387546038727597
-0.00911240591297167,-0.0324939836905649,-0.0318096954853634
-0.00887099014507317,-0.0322959521160308,-0.01754352151979
-0.00876091220042003,-0.0321740559740115,-0.00344110420785784
-0.008864738326199,-0.0321958136807758,0.0105926319862074
-0.00911683024934768,-0.0323584257423408,0.0247487633492207
-0.00935482247572957,-0.0326152840069734,0.0389751009991639
-0.00798620392143439,0.00744360779744479,-0.0317975003068853
-0.00743045580103961,0.00748475231987806,-0.0176552664005148
-0.00708428618103677,0.00750323217911156,-0.00353975893766967
-0.00736209320814313,0.0074814989716569,0.0105534485029222
-0.00794630655002151,0.00745767410142677,0.0247324717317048
-0.00858415716488403,0.00742896400961853,0.0388348471634906
0.0956274360215565,-0.00366536497456549,-0.0469648108526528
0.000417103225744349,0.0211920569753285,-0.0318207798390742
0.000721841544762757,0.0211018435152395,-0.0176893158708619
0.000860534633894646,0.0210453165901757,-0.0035336070947045
0.000733220541091872,0.0210586583699911,0.0106162940693137
0.00042835693270894,0.0211340306794441,0.0247724912204807
9.25463865671209e-05,0.0212258345142705,0.0387979785818797
0.00925027007891869,-0.00656985308966101,-0.0319752405297397
0.00961235798516661,-0.00647619446000327,-0.0178017183317585
0.00977211206645313,-0.00642812643241373,-0.00354554710087546
0.00965354776649272,-0.00643374015616448,0.0107196810274551
0.00925552755899444,-0.00647707948638338,0.0249616163264142
0.0088157781799245,-0.00654150664658086,0.0390005209801178
0.00464990315403321,0.0337606087438352,-0.0317093724555458
0.00484918434064503,0.0336242919708596,-0.0176014672337605
0.00494174358174844,0.0335618610679082,-0.00350782109698326
0.0048627869611409,0.0336096101974745,0.0105707553548313
0.00467026895601619,0.033751050906402,0.0246590517962385
0.0044692909936166,0.0339303492827448,0.0386727079092601
0.00625671914750484,0.0458835232788581,-0.0316190482863418
0.00642216453215112,0.0457992497117952,-0.0175363484721301
0.00650036897892152,0.0457649372682479,-0.00349286619919554
0.00643494500671968,0.0458233510771315,0.0105190887800712
0.00627272764203228,0.0459588962761794,0.0245682790065091
0.00611437941682806,0.0461097125747585,0.0385839061012227
0.0198227752985992,-0.0203929826111469,-0.0319566340740291
0.0199748687567796,-0.0201475649993485,-0.0177805138408815
0.0200407363593852,-0.0199994304083608,-0.00353091464967072
0.0199726556951571,-0.0200426626488984,0.0107262580392359
0.0197736964388276,-0.020221153658976,0.0249458625414094
0.0195961060965273,-0.0204564903523014,0.0389808734928579
0.028942620724861,-0.0453900653262755,-0.03122310126747
0.0289506528695489,-0.0448827584452372,-0.017189961857625
0.0289681144867256,-0.0446153710747385,-0.00336912455341958
0.028943121369786,-0.0447391857989336,0.0103006038561736
0.0288956602757814,-0.0451872873170051,0.0241887868843614
0.0289435588190649,-0.0457875874600875,0.0383251989402711
0.0261640005901943,-0.0335615780100147,-0.0316933096138645
0.0262269165483879,-0.0331346263746203,-0.0175554546307402
0.0262631099373587,-0.0328977674163279,-0.00347616662571669
0.0262260576093649,-0.032997705349999,0.0105648073173193
0.0261407429425448,-0.0333683134557628,0.0246641685207816
0.0260955835034851,-0.0338471193576778,0.0387495874799262
0.0238310159323407,0.00827197348586353,-0.0320170590309837
0.0241086074677489,0.00823851522332019,-0.0178694118818383
0.0242568715429401,0.00821715105930504,-0.00355846907539287
0.0241589470134445,0.00822538656553098,0.0107796074217384
0.0238552390116354,0.00824805566411242,0.0250285997443492
0.0235216456544234,0.00828777041539893,0.0390085269425904
0.033730379745238,0.0229589255074777,-0.0319223798838729
0.0339704813759602,0.0227719383189618,-0.0177850696815168
0.0340921868738637,0.0226517046428828,-0.00354214070221564
0.0340459169512782,0.0226969316093301,0.0107179915423375
0.0338393062472436,0.0228624868827223,0.0249174981157239
0.0335924516334629,0.0230373898794751,0.0389154193930346
0.0391435691262284,0.037064002677287,-0.0316584740106952
0.0393257390253032,0.0368199214543685,-0.0175366485042172
0.0394201643225057,0.0366861313295192,-0.00348311761566868
0.0393833266779586,0.0367617692476369,0.0105427636092952
0.0392535312252563,0.0370094531839909,0.0246012033399956
0.0391339361822027,0.0373031140142084,0.0386652357813758
0.0396904138461553,-0.00554199654531674,-0.0321370039778288
0.0399616499111397,-0.00542407989795394,-0.0179916410862639
0.0400980814569547,-0.00534153133213411,-0.00358879438937311
0.0399979666479459,-0.00535199247446154,0.0108823648442475
0.0397023178556829,-0.00543553327562474,0.0251721865706651
0.0393474712581946,-0.00551342772074191,0.0391246677032933
0.0518055221783088,-0.0197450635251166,-0.0320976198397038
0.0520428694011173,-0.0193935745081892,-0.0179749737333934
0.0521510408885839,-0.0191136003490542,-0.00360208284135513
0.0520654584815313,-0.0191722684471411,0.0108590577534699
0.0518505102150599,-0.019494372276189,0.0251313705814961
0.0515533885233176,-0.0198268466683674,0.0390841186207499
0.05289549035117,0.00943278258426518,-0.0322576608104157
0.0531389617281829,0.00932140714693967,-0.0181029862491988
0.0532645826236345,0.00925697973326049,-0.00361969635441444
0.0531743821253377,0.0092841820754972,0.0109473080540203
0.0529153940929286,0.00939801377944284,0.0252954861947079
0.0525898092308977,0.00949661380044076,0.0392271295671769
0.0612064984223082,-0.0343504447184718,-0.0316495582859311
0.0614771871121277,-0.0336453018108223,-0.0176064922445822
0.0616846300214571,-0.0331787009304988,-0.00350770171808202
0.0616238135013705,-0.0333373392631666,0.0105610014147252
0.0613657540937302,-0.0339579460563219,0.0246512925474657
0.0611337992192897,-0.0346985728080684,0.0387051038208346
0.0644807117018054,0.0257559895383554,-0.0320936200129916
0.0648897812969924,0.0253148886738583,-0.0179521606600071
0.0650949524106451,0.0249972402371429,-0.00360659811046727
0.0650036482034643,0.0251019466567689,0.0108539995947013
0.0646873905081453,0.0255333348096448,0.0251251139103043
0.0642181177897336,0.0259515497564127,0.0391068749211573
0.0651835841013768,-0.0471705197547442,-0.0307998744164694
0.0655299240952076,-0.0464360284817267,-0.0168156672546561
0.0658087630671073,-0.0460092199474659,-0.0033095483959898
0.0657354717951519,-0.0462140209239058,0.0100577551417084
0.0654062706825668,-0.0469082047150733,0.0237594182401756
0.0673328650307658,-0.0048641434434594,-0.0325423762072227
0.0675083052794141,-0.00472264810613433,-0.0183529969934712
0.0675256154894663,-0.00462691863899028,-0.00366502749267134
0.0674249416412404,-0.00463695767334217,0.0111174522953775
0.0672336467496991,-0.00473264910321386,0.0255840119878481
0.066971421199526,-0.00485561912002406,0.0394604717339137
0.0722456813062983,0.0421827297554622,-0.0315265314053721
0.0732361840778802,0.0417398680607656,-0.0173734274610879
0.0738107482204974,0.0414169151133498,-0.00349566620984525
0.0736395680446921,0.0415645669304755,0.0103699245372653
0.0729019837247943,0.0420202528597943,0.0244518405471747
0.0719887079262922,0.0424405066673694,0.0387800905713117
0.0802654583740503,-0.0198503099585365,-0.0326490265178197
0.0804759327764753,-0.0193268728751302,-0.0183977097330407
0.080413312096363,-0.0190272499863974,-0.00364915932870485
0.0803622115990322,-0.0191594172197369,0.0111413381110356
0.08023850511101,-0.0195918310783994,0.0256262885104631
0.0798517066708312,-0.0201507316340399,0.0395000060555765
0.0811303862081939,0.0114959835702962,-0.0327515215952759
0.0811432010642171,0.0111848989212276,-0.018444830807552
0.0810356341461048,0.0110149666127342,-0.00368091085662357
0.0809880270387324,0.0111276056066131,0.0111759715982097
0.080923030224775,0.0114467885129614,0.0257197569905086
0.0807005585517931,0.0117819549364873,0.0396640401644605
0.0920970875926154,-0.0360762133625422,-0.0332495597452004
0.0924766198707128,-0.0354288156843855,-0.0184913770038921
0.0924131752781022,-0.0351353988436896,-0.00363577461760694
0.0924265648083304,-0.0353933120709393,0.0110759991416978
0.0922612396056601,-0.0361592396546837,0.0257451225731839
0.0913766280433423,-0.0369537944836154,0.0398861662293251
0.0962074486568699,-0.00387505834156243,-0.0327996635272739
0.0957173374529183,-0.00397568870668495,-0.0181807801616032
0.0953648701196629,-0.00399713369020329,-0.00355194376950649
0.0954728453635376,-0.00398119139492137,0.0111059049649823
0.0958907965825813,-0.0039284875421437,0.0255434084742543
0.0960288793682584,-0.00374401726168997,0.0398814757079104
0.0941729555544156,0.0307220460731439,-0.0333309639225809
0.094565826420559,0.0304994209378339,-0.018503098822817
0.0944857531816102,0.0302870975633116,-0.00364225984659037
0.0944389252715898,0.030478967652626,0.0111096357323116
0.0941905449501679,0.0308872446686525,0.0259027069791338
0.0931984383976329,0.0309662485363368,0.0402939329953671
-0.0938215138839616,-0.0110917042927111,-0.0243371134509639
-0.09323982659412,-0.0130672562563479,-0.0134913951708042
-0.0929725858586062,-0.0137813214501522,-0.00280869632295548
-0.0928731392959221,-0.0135341325379534,0.00805461353631372
-0.0929546627483485,-0.0122166281913096,0.0187870791228376
-0.093470782888786,-0.00928009112777766,0.0309144299149463
-0.0966802308814421,0.0100201372676886,-0.0132631515935122
-0.0961080665709574,0.0106451705101399,-0.00265293803379835
-0.0961739684806367,0.0103895104401036,0.00800910845805011
-0.0968949818150073,0.00934685348510486,0.0188815998225117
-0.0606703769379796,0.0492837424217876,-0.00339837506785804
-0.0991332088844621,-0.0464815556600822,0.0288546449532729
-0.079997005573981,-0.0489146689221,-0.05
-0.1,0.0125994105268595,-0.0466130169691681
-0.0632932034101281,-0.0457878684369651,-0.0494527197177772
-0.061662682012564,0.049154476471813,0.05
0.1,-0.0498083240992703,-0.0185509728249305
-0.0807022624553743,-0.0491682907189786,0.0442653036163879
0.1,-0.0286438103288097,-0.0489637062387751
-0.1,0.02275965491349,-0.0494324410838847
-0.0608715303679352,0.0492023794682566,-0.0172116461826712
-0.062558559359322,-0.05,-0.0494806076290154
0.1,-0.0497205870711103,-0.0036654458534651
0.0997411968101036,0.05,0.0422178943041032
0.065403361401354,-0.0488914457705712,0.0379061541186318
-0.1,0.0326758996927991,-0.0495590646173316
-0.0616090477495083,0.0489823607089008,-0.05
-0.0992394972354765,-0.0301194082153724,-0.05
0.0997083346013916,-0.05,0.0259662770402114
0.0996258894336847,-0.05,-0.0338174153868152
0.0408664620499534,0.05,-0.0455833735846464
0.1,0.0252152385292969,-0.048931036175429
0.1,-0.0498391958956607,0.0110332123592603
-0.0612249023677524,0.0490669595922729,-0.0312951339357793
-0.0651897013050727,-0.0348604026097106,-0.0492281295135108
-0.0607109724125996,0.0492619659974383,0.0102577691348696
0.0991872011099947,0.05,0.05
-0.0994812710449594,-0.027116334298806,0.05
-0.0614070977376151,0.0491421241895978,0.037964257557931
0.0655828782992778,-0.0488366493466633,-0.05
-0.0832023982646341,-0.0255660525029201,-0.05
0.0413786366940904,0.05,0.0385055785818879
0.0408510347020768,0.05,-0.05
0.0656299814889415,-0.0491023457935093,0.05
-0.1,-0.036908091350742,-0.0344031627584286
-0.061548019706389,0.0489950364578295,-0.0453687370334246
-0.0609808308303637,0.0491869842690925,0.0239858702183585
0.1,-0.05,-0.0489329097821231
-0.0990932822560052,0.00881961612997563,-0.0245487587958687
0.041564524734424,0.05,0.05
-0.1,-0.0261035700707244,-0.05
-0.1,0.0422158585172658,-0.0493487189110947
-0.0990811068418044,-0.0490610249874084,0.0121103134398858
-0.0914010835087053,-0.0498829510859643,-0.0497436505541677
-0.0995373255644821,0.00760716699667079,0.0319607847506312
-0.0998357132147401,-0.00349807358237885,0.05
-0.1,0.0126271660951009,-0.049639844153979
-0.0991071974067037,-0.0492238894484944,-0.00412150403562299
0.040674074797477,0.0499258849214496,-0.00344779630893533
-0.0998608508235179,-0.0311762630015674,0.0433815285322043
0.0410653969199502,0.0499966108048556,0.0245996808700258
0.0409365666502677,0.0499470884373394,-0.0173824101093306
0.040902502868419,0.0499840397722323,-0.0314880245386541
-0.0995542945492321,-0.049033915311716,-0.0203561363838616
0.0410039276674716,0.0498905434539622,0.0104143650164862
-0.099882248140501,-0.0498350183221086,0.05
-0.1,-0.00759100931728974,-0.0390866860142965
-0.0939074717641497,-0.0497748838576133,0.0491724916452419
-0.0999999998135683,0.0499999988912985,-0.0492438924145918
0.0994869204403884,0.0499999997532123,-0.0495964391258127
